100
1000
10000
10001
10002
10003
10004
10005
10006
10007
10008
10009
1001
10010
10021
10022
10023
10051
10080
1021
1022
1023
1024
10240
10250
10255
10256
10443
1080
10800
1081
1082
10900
10909
10911
10912
1098
1099
10999
110
1100
11000
11006
1101
11099
111
11111
1121
11210
11211
11433
11434
11443
11521
1158
11583
1194
12049
121
12100
13050
1311
13306
13351
13389
135
137
1379
138
139
14268
143
1432
1433
1434
1435
1443
15000
15001
15010
15011
15012
1520
1521
1522
1525
15432
15433
15601
15672
1582
1583
1584
15984
16000
16010
16082
161
16201
16379
16686
17017
17019
17080
1723
17474
18000
18017
18080
18081
18086
18088
18089
18090
18098
18471
1883
18848
1900
19000
19001
19090
19091
19092
19160
19200
19300
19471
19888
2000
20000
20001
2001
20021
20022
20023
2003
2021
2022
2023
20443
2049
2050
2052
2053
2082
2083
2086
2087
20880
20881
20882
20900
2095
2096
2099
21
210
2100
2101
2121
21211
2123
21433
21443
2152
21521
21583
2181
22
2200
22049
221
22100
2222
22222
23
23050
23306
23351
23389
2375
2376
2377
2378
2379
2380
2443
25
25000
25010
2525
25432
25433
25601
25672
25984
26082
26379
27017
27018
27019
27080
27474
28017
28080
28088
28089
2809
28098
28471
28848
2888
2900
29000
29091
29092
29160
29200
29300
29471
29888
3000
30000
30001
3001
30021
30022
30023
3021
3022
3023
30443
3049
3050
3051
30900
31211
3128
31433
31443
31521
31583
32049
321
32100
3268
3269
3301
3302
3303
3304
3305
33050
3306
33060
33061
33062
33063
33064
33065
33066
33067
33068
33069
3307
33070
3308
33306
33351
33389
3350
3351
3352
3379
3386
3389
33899
3443
35000
35432
35433
35601
35672
35984
36082
36379
3690
37017
37018
37019
37080
37474
3780
3790
38017
38080
38088
38089
38098
38471
38848
3888
389
3900
39000
39091
39092
39160
39200
39300
39471
39888
4000
40000
40001
40021
40022
40023
4021
4022
4023
4040
40443
40900
4100
41211
41433
41521
41583
42049
421
42100
4222
427
43050
43306
43351
43389
4369
4379
442
443
4430
44300
444
4440
4443
4444
4445
4446
4447
445
45000
45432
45433
45601
4567
45672
45984
46082
46379
465
47001
47017
47018
47019
47080
47474
48017
48080
48088
48089
48098
48471
4848
48848
48858
4899
4900
49000
49091
49092
49160
49200
49300
49471
49888
4999
5000
50000
50001
5001
50010
5002
50021
50022
50023
50030
5005
5006
50070
50075
50090
502
5021
5022
5023
5037
5044
50443
5048
50500
5060
50900
512
51211
513
514
51433
51443
515
51521
51583
5172
52049
521
52100
5236
53
53050
53306
53351
53389
5379
5430
5431
5432
5433
5434
5443
548
55000
554
55432
55433
5555
55601
55672
55984
5600
5601
56082
5631
5632
56379
5671
5672
5673
5678
57017
57018
57019
57080
57474
5800
58017
58080
58088
58089
58098
58471
587
58848
5900
59000
5901
59091
59092
59160
59200
59300
59471
5983
5984
5985
5986
59888
6000
60000
60001
6001
60010
6002
60021
60022
60023
6003
6021
6022
6023
60443
6080
6081
6082
61200
61211
6123
61433
61443
61521
61583
61613
61614
61616
621
623
63050
63306
63351
636
6371
6372
6373
6374
6375
6376
6377
6378
6379
6380
6443
65000
65432
65433
6650
6666
6667
6789
6868
69
6900
6984
70
7000
7001
7002
7003
7004
7005
7006
7007
7008
7009
7010
7011
7021
7022
7023
7051
7070
7071
7077
7080
7171
7180
7182
721
7272
7373
7379
7443
7473
7474
7475
7547
7548
7575
7676
7687
777
7777
7788
7848
7878
7890
7900
7979
80
800
8000
8001
8002
8003
8004
8005
8006
8007
8008
8009
801
8010
8011
8012
8013
8014
8015
8016
8017
8018
8019
8020
8021
8022
8023
8024
8025
8026
8027
8028
8029
8030
8040
8042
8048
8051
8060
8064
8066
8069
8070
8079
8080
8081
8082
8083
8084
8085
8086
8087
8088
8089
8090
8091
8092
8093
8094
8095
8096
8097
8098
8099
81
8100
8101
8102
8103
8104
8105
8106
8107
8108
8109
8110
8111
8118
8123
8139
8140
8161
8180
8181
82
8200
821
8222
8282
83
8300
8301
8302
8363
8379
84
8443
8453
8471
8488
85
8500
8530
8531
86
8649
8686
87
873
8761
8763
8765
8787
88
8800
8820
8834
8843
8848
8849
8850
8866
8870
8873
8878
888
8880
8881
8882
8883
8884
8885
8886
8887
8888
8889
8890
8899
89
890
8900
8983
8989
8999
90
9000
9001
9002
9003
9004
9005
9006
9007
9008
9009
9010
9011
9012
902
9021
9022
9023
9042
9043
9051
9060
9070
9080
9081
9082
9083
9084
9085
9090
9091
9092
9093
9094
9095
9096
9097
9098
9099
91
9100
9159
9160
9161
9191
92
9200
9201
921
93
9300
9379
94
9418
9443
9471
95
9595
96
97
9700
98
9875
9876
99
9900
993
9943
995
9988
9990
9999