10021
10022
10023
1021
1022
1023
10900
110
1121
11211
11433
11521
1158
13389
135
139
143
1433
1434
1435
1521
161
16379
1900
20021
20022
20023
2021
2023
20900
21
2121
21433
21521
22
22222
23
25
26379
27017
27018
27019
2900
30021
30022
30023
3021
3022
3023
30900
31433
31521
3306
33060
33066
3307
3308
33389
3389
33899
36379
37017
37018
37019
3900
40021
40022
40023
4021
4022
4023
40900
41433
41521
445
46379
465
47017
47018
47019
4900
50021
50022
50023
5021
5022
5023
50900
51433
51521
5432
56379
57017
57018
57019
5800
587
5900
5901
60021
60022
60023
6021
6022
6023
61433
61521
6379
6900
7021
7022
7023
7474
7687
7900
8021
8022
8023
873
8900
9021
9022
9023
9200
9300
9900
993
995