11211
11443
11521
11583
12049
12100
13050
13306
13351
1379
1432
1433
1434
15000
1520
1521
1522
15432
15433
15601
15672
1582
1583
1584
15984
16082
16379
17017
17019
17080
17474
18017
18080
18088
18089
18098
18471
19000
19160
19200
19300
19471
19888
2049
2050
2099
2100
2101
21211
21443
21521
21583
22049
22100
23050
23306
23351
2379
25000
25432
25433
25601
25672
25984
26082
26379
27017
27019
27080
27474
28017
28080
28088
28089
28098
28471
29000
29160
29200
29300
29471
29888
3049
3050
3051
31211
31443
31521
31583
32049
32100
3301
3302
3303
3304
3305
33050
3306
33061
33062
33063
33064
33065
33066
33067
33068
33069
3307
33070
33306
33351
3350
3351
3352
3379
35000
35432
35433
35601
35672
35984
36082
36379
37017
37019
37080
37474
38017
38080
38088
38089
38098
38471
39000
39160
39200
39300
39471
39888
41211
41521
41583
42049
42100
43050
43306
43351
4379
45000
45432
45433
45601
45672
45984
46082
46379
47017
47019
47080
47474
48017
48080
48088
48089
48098
48471
49000
49160
49200
49300
49471
49888
4999
5000
50000
5001
5002
50070
50090
5048
51211
51443
51521
51583
52049
52100
53050
53306
53351
5379
5430
5431
5432
5433
5434
55000
55432
55433
55601
55672
55984
5600
5601
56082
56379
57017
57019
57080
57474
58017
58080
58088
58089
58098
58471
59000
59160
59200
59300
59471
5983
5984
5985
59888
6080
6081
6082
61200
61211
61443
61521
61583
63050
63306
63351
6371
6372
6373
6374
6375
6376
6377
6378
6379
6380
65000
65432
65433
7171
7272
7373
7379
7473
7474
7475
7575
7676
7777
7878
7979
8079
8080
8081
8087
8088
8089
8098
8379
8471
8999
9000
9001
9159
9160
9161
9200
9201
9300
9379
9471