100
10000
10001
10002
10003
10004
10005
10006
10007
10008
10009
10010
10080
1024
10240
10443
1080
10800
1081
1082
11006
1311
1443
18000
18080
18081
18088
18090
18848
19090
19091
2000
2001
20443
2052
2053
2082
2083
2086
2087
2095
2096
2376
2443
28080
2809
28848
3000
3001
30443
3443
3780
3790
38080
38848
40443
442
443
4430
44300
444
4443
4567
47001
48080
48848
48858
5000
5001
5006
50070
50443
5172
5443
5555
5601
5678
58080
58848
5984
5986
6000
6001
6002
6003
60443
6080
6443
6666
6789
6868
70
7000
7001
7002
7003
7004
7005
7006
7007
7008
7009
7010
7011
7070
7071
7080
7443
7547
7548
7777
7788
7890
80
800
8000
8001
8002
8003
8004
8005
8006
8007
8008
8009
801
8010
8011
8012
8013
8014
8015
8016
8017
8018
8019
8020
8021
8022
8023
8024
8025
8026
8027
8028
8029
8030
8040
8060
8064
8066
8070
8080
8081
8082
8083
8084
8085
8086
8087
8088
8089
8090
8091
8092
8093
8094
8095
8096
8097
8098
8099
81
8100
8101
8102
8103
8104
8105
8106
8107
8108
8109
8110
8111
8118
8139
8140
8161
8180
8181
82
8200
8282
83
8363
84
8443
8488
85
8500
8530
8531
86
87
8761
8763
8765
8787
88
8800
8820
8834
8843
8848
8849
8850
8866
8873
8878
888
8880
8881
8882
8883
8884
8885
8886
8887
8888
8889
8890
8899
89
890
8900
8983
8989
8999
90
9000
9001
9002
9003
9004
9005
9006
9007
9008
9009
9010
9011
9043
9051
9060
9070
9080
9081
9082
9083
9084
9085
9090
9091
9092
9093
9094
9095
9096
9097
9098
9099
91
9100
9191
92
9200
93
94
9443
95
9595
96
97
9700
98
9876
99
9943
9988
9999